1000 900 700 700 0 0 0 0 0 0 0 0 0 0 0 0 0 0 0 0 0 0 0 0 0 0 0 0 0 0 
900 800 700 700 0 0 0 0 0 0 0 0 0 0 0 0 0 0 0 0 0 0 0 0 0 0 0 0 0 0 
700 700 700 0 0 0 0 0 0 0 0 0 0 0 0 0 0 0 0 0 0 0 0 0 0 0 0 0 0 0 
0 0 0 0 1 0 0 0 1 1 1 0 0 0 1 0 0 0 0 0 0 0 1 1 0 0 0 0 0 0 
0 0 0 0 1 0 0 1 0 0 0 1 0 0 1 0 0 0 0 0 0 1 400 400 1 0 0 0 0 0 
0 0 0 0 1 0 1 0 0 0 0 0 1 0 1 0 0 0 0 0 1 400 600 600 400 1 0 0 0 0 
0 0 0 0 1 0 1 0 0 0 0 0 0 0 1 0 0 0 0 0 1 400 600 600 400 1 0 0 0 0 
0 0 0 0 1 0 0 1 0 0 0 0 0 0 1 0 0 0 0 0 1 400 400 400 400 1 0 0 0 0 
0 0 0 0 1 0 0 0 1 1 1 0 0 0 1 0 0 0 0 0 1 1 1 1 1 1 0 0 0 0 
0 0 0 0 1 0 0 0 0 0 0 1 0 0 1 0 0 0 0 0 1 0 0 0 0 1 0 0 0 0 
0 0 0 0 1 0 0 0 0 0 0 0 1 0 1 0 0 0 0 0 1 0 0 0 0 1 0 0 0 0 
0 0 0 0 1 0 1 0 0 0 0 0 1 0 1 0 0 0 0 0 1 0 0 0 0 1 0 0 0 0 
0 0 0 0 1 0 0 1 0 0 0 1 0 0 1 0 0 0 0 0 1 0 0 0 0 1 0 0 0 0 
0 0 0 0 1 0 0 0 1 1 1 0 0 0 1 1 1 1 1 0 1 0 0 0 0 1 0 0 0 0 
0 0 0 0 0 0 0 0 0 0 0 0 0 0 0 0 0 0 0 0 0 0 0 0 0 0 0 0 0 0 
0 0 0 0 0 0 0 0 0 0 0 0 0 0 0 0 0 0 0 0 0 0 0 0 0 0 0 0 0 0 
0 0 0 0 0 0 0 0 0 0 0 0 0 0 0 0 0 0 0 0 0 0 0 0 0 0 0 0 0 0 
0 0 0 0 1 0 0 0 0 0 0 0 1 0 1 1 1 0 0 0 0 0 0 1 1 1 0 0 0 0 
0 0 0 0 1 1 0 0 0 0 0 0 1 0 1 0 0 1 0 0 0 0 1 0 0 0 1 0 0 0 
0 0 0 0 1 1 1 0 0 0 0 0 1 0 1 0 0 0 1 0 0 1 0 0 0 0 0 1 0 0 
0 0 0 0 1 0 0 1 0 0 0 0 1 0 1 0 0 0 0 1 0 1 0 0 0 0 0 0 0 0 
0 0 0 0 1 0 0 0 1 0 0 0 1 0 1 0 0 0 0 1 0 0 1 0 0 0 0 0 0 0 
0 0 0 0 1 0 0 0 0 1 0 0 1 0 1 0 0 0 0 1 0 0 0 1 1 1 0 0 0 0 
0 0 0 0 1 0 0 0 0 0 1 0 1 0 1 0 0 0 0 1 0 0 0 0 0 0 1 0 0 0 
0 0 0 0 1 0 0 0 0 0 0 1 1 0 1 0 0 0 1 0 0 0 0 0 0 0 0 1 0 0 
0 0 0 0 1 0 0 0 0 0 0 1 1 0 1 0 0 1 0 0 0 1 0 0 0 0 0 1 0 0 
0 0 0 0 1 0 0 0 0 0 0 0 1 0 1 1 1 0 0 0 0 0 1 0 0 0 1 0 0 0 
1 1 1 0 0 0 0 0 0 0 0 0 0 0 0 0 0 0 0 0 0 0 0 1 1 1 0 0 0 0 
1 300 300 1 0 0 0 0 0 0 0 0 0 0 0 0 0 0 0 0 0 0 0 0 0 0 0 0 0 0 
1 1 1 1 0 0 0 0 0 0 0 0 0 0 0 0 0 0 0 0 0 0 0 0 0 0 0 0 0 0